Reacoes de apoio [N]
[[-23283.97907794]
 [ -8284.27124746]
 [-61715.38645466]
 [-61715.38645466]
 [ 23283.97907794]
 [ -8284.27124746]]

Deslocamentos [m]
[[-2.79043962e-06]
 [ 1.06829947e-05]
 [ 5.05243946e-06]
 [ 0.00000000e+00]
 [ 3.36335837e-05]
 [ 0.00000000e+00]
 [ 3.36333531e-05]
 [-5.05243946e-06]
 [ 2.79043962e-06]
 [ 1.06829947e-05]]

Deformacoes []
[[ 7.89255510e-07]
 [ 2.13659894e-06]
 [ 1.01048789e-06]
 [ 0.00000000e+00]
 [ 6.72667062e-06]
 [-1.85258738e-06]
 [-5.58087923e-07]
 [ 0.00000000e+00]
 [-1.34734343e-06]
 [-5.58087923e-07]
 [-2.13659894e-06]
 [-1.34734343e-06]
 [-5.58087923e-07]]

Forcas internas [N]
[[    0.]
 [    0.]
 [    0.]
 [40000.]
 [    0.]
 [    0.]
 [    0.]
 [60000.]
 [    0.]
 [    0.]
 [    0.]
 [    0.]
 [    0.]
 [40000.]
 [    0.]
 [    0.]]

Tensoes internas [Pa]
[[ 165743.6571458 ]
 [ 448685.77819806]
 [ 212202.45743603]
 [      0.        ]
 [1412600.83053577]
 [-389043.34977027]
 [-117198.46390646]
 [      0.        ]
 [-282942.12105226]
 [-117198.46390646]
 [-448685.77819806]
 [-282942.12105226]
 [-117198.46390646]]