Reacoes de apoio [N]
[[-2.52540888e+08]
 [-1.68360592e+08]
 [ 1.71206379e+08]
 [-1.43163023e+08]
 [-1.71206379e+08]
 [-1.43163023e+08]
 [ 2.52540888e+08]
 [-1.68360592e+08]]

Deslocamentos [m]
[[ 0.        ]
 [ 0.        ]
 [ 0.        ]
 [ 0.        ]
 [-0.0107004 ]
 [ 0.02964903]
 [ 0.00742228]
 [-0.0051301 ]
 [-0.00742228]
 [-0.0051301 ]
 [ 0.0107004 ]
 [ 0.02964903]
 [ 0.        ]
 [ 0.        ]
 [ 0.        ]
 [ 0.        ]
 [ 0.02342403]
 [ 0.00596513]
 [-0.02765331]
 [-0.03164733]
 [ 0.02248806]
 [ 0.01090556]
 [-0.02248806]
 [ 0.01090556]
 [ 0.02765331]
 [-0.03164733]
 [-0.02342403]
 [ 0.00596513]]

Deformacoes []
[[-0.76790314]
 [ 0.42155052]
 [ 0.19883753]
 [ 0.        ]
 [-0.23778664]
 [-0.76790314]
 [-1.17157404]
 [-1.02160608]
 [ 0.20136307]
 [ 0.1603566 ]
 [ 0.64070498]
 [ 0.13382642]
 [-0.4997346 ]
 [ 0.1603566 ]
 [-0.1649395 ]
 [-0.06013062]
 [-0.06013062]
 [ 0.64070498]
 [-1.02160608]
 [ 0.20136307]
 [ 0.13382642]
 [-1.17157404]
 [ 0.19883753]
 [-0.23778664]
 [ 0.        ]
 [ 0.42155052]]

Forcas internas [N]
[[-5.52890260e+08]
 [ 3.03516374e+08]
 [ 1.43163023e+08]
 [ 0.00000000e+00]
 [-1.71206379e+08]
 [-5.52890260e+08]
 [-8.43533310e+08]
 [-7.35556378e+08]
 [ 1.44981408e+08]
 [ 1.15456750e+08]
 [ 4.61307589e+08]
 [ 9.63550259e+07]
 [-3.59808915e+08]
 [ 1.15456750e+08]
 [-1.18756437e+08]
 [-4.32940430e+07]
 [-4.32940430e+07]
 [ 4.61307589e+08]
 [-7.35556378e+08]
 [ 1.44981408e+08]
 [ 9.63550259e+07]
 [-8.43533310e+08]
 [ 1.43163023e+08]
 [-1.71206379e+08]
 [ 0.00000000e+00]
 [ 3.03516374e+08]]

Tensoes internas [Pa]
[[-3.07161256e+09]
 [ 1.68620208e+09]
 [ 7.95350128e+08]
 [ 0.00000000e+00]
 [-9.51146550e+08]
 [-3.07161256e+09]
 [-4.68629616e+09]
 [-4.08642432e+09]
 [ 8.05452267e+08]
 [ 6.41426389e+08]
 [ 2.56281994e+09]
 [ 5.35305699e+08]
 [-1.99893842e+09]
 [ 6.41426389e+08]
 [-6.59757985e+08]
 [-2.40522461e+08]
 [-2.40522461e+08]
 [ 2.56281994e+09]
 [-4.08642432e+09]
 [ 8.05452267e+08]
 [ 5.35305699e+08]
 [-4.68629616e+09]
 [ 7.95350128e+08]
 [-9.51146550e+08]
 [ 0.00000000e+00]
 [ 1.68620208e+09]]